[Running] ts-node "c:\Users\miaoxiaojiang\WeChatProjects\minigame-9\assets\Assets\Scripts\Controller\Main.ts"
[ 6, 6, 6, 6, 6 ]
130
[ 5, 5, 5, 5, 5 ]
125
[ 4, 4, 4, 4, 4 ]
120
[ 3, 3, 3, 3, 3 ]
115
[ 2, 2, 2, 2, 2 ]
110
[ 1, 1, 1, 1, 1 ]
105
[ 2, 3, 4, 5, 6 ]
80
[ 6, 6, 6, 6 ]
77.5
[ 1, 2, 3, 4, 5 ]
75
[ 5, 5, 5, 5 ]
73.5
[ 4, 4, 4, 4 ]
69.5
[ 5, 6, 6, 6, 6 ]
69
[ 4, 6, 6, 6, 6 ]
68
[ 3, 6, 6, 6, 6 ]
67
[ 2, 6, 6, 6, 6 ]
66
[ 5, 5, 5, 5, 6 ]
66
[ 3, 3, 3, 3 ]
65.5
[ 1, 6, 6, 6, 6 ]
65
[ 4, 5, 5, 5, 5 ]
64
[ 3, 5, 5, 5, 5 ]
63
[ 2, 5, 5, 5, 5 ]
62
[ 4, 4, 4, 4, 6 ]
62
[ 2, 2, 2, 2 ]
61.5
[ 1, 5, 5, 5, 5 ]
61
[ 4, 4, 4, 4, 5 ]
61
[ 3, 4, 4, 4, 4 ]
59
[ 2, 4, 4, 4, 4 ]
58
[ 3, 3, 3, 3, 6 ]
58
[ 1, 1, 1, 1 ]
57.5
[ 2, 3, 4, 5 ]
57.5
[ 1, 4, 4, 4, 4 ]
57
[ 3, 3, 3, 3, 5 ]
57
[ 3, 4, 5, 6 ]
56.5
[ 3, 3, 3, 3, 4 ]
56
[ 2, 2, 2, 2, 6 ]
54
[ 2, 3, 3, 3, 3 ]
54
[ 3, 4, 5, 6, 6 ]
54
[ 1, 3, 3, 3, 3 ]
53
[ 2, 2, 2, 2, 5 ]
53
[ 3, 4, 5, 5, 6 ]
53
[ 2, 2, 2, 2, 4 ]
52
[ 3, 4, 4, 5, 6 ]
52
[ 2, 2, 2, 2, 3 ]
51
[ 3, 3, 4, 5, 6 ]
51
[ 1, 1, 1, 1, 6 ]
50
[ 1, 1, 1, 1, 5 ]
49
[ 1, 2, 2, 2, 2 ]
49
[ 1, 3, 4, 5, 6 ]
49
[ 2, 3, 4, 5, 5 ]
49
[ 1, 2, 3, 4 ]
48.5
[ 1, 1, 1, 1, 4 ]
48
[ 1, 2, 4, 5, 6 ]
48
[ 2, 3, 4, 4, 5 ]
48
[ 5, 5, 6, 6, 6 ]
48
[ 6, 6, 6 ]
47.22222222222222
[ 1, 1, 1, 1, 3 ]
47
[ 1, 2, 3, 5, 6 ]
47
[ 2, 3, 3, 4, 5 ]
47
[ 5, 5, 5, 6, 6 ]
47
[ 1, 1, 1, 1, 2 ]
46
[ 1, 2, 3, 4, 6 ]
46
[ 2, 2, 3, 4, 5 ]
46
[ 4, 4, 6, 6, 6 ]
46
[ 5, 5, 5 ]
44.22222222222222
[ 1, 2, 3, 4, 4 ]
44
[ 3, 3, 6, 6, 6 ]
44
[ 4, 4, 4, 6, 6 ]
44
[ 5, 6, 6, 6 ]
43.166666666666664
[ 1, 2, 3, 3, 4 ]
43
[ 4, 4, 5, 5, 5 ]
43
[ 4, 6, 6, 6 ]
42.166666666666664
[ 1, 2, 2, 3, 4 ]
42
[ 2, 2, 6, 6, 6 ]
42
[ 4, 4, 4, 5, 5 ]
42
[ 3, 4, 5 ]
41.5
[ 4, 4, 4 ]
41.22222222222222
[ 3, 6, 6, 6 ]
41.166666666666664
[ 5, 5, 5, 6 ]
41.166666666666664
[ 1, 1, 2, 3, 4 ]
41
[ 3, 3, 3, 6, 6 ]
41
[ 3, 3, 5, 5, 5 ]
41
[ 2, 6, 6, 6 ]
40.166666666666664
[ 1, 1, 6, 6, 6 ]
40
[ 1, 6, 6, 6 ]
39.166666666666664
[ 4, 5, 5, 5 ]
39.166666666666664
[ 2, 2, 5, 5, 5 ]
39
[ 3, 3, 3, 5, 5 ]
39
[ 5, 5, 6, 6 ]
38.833333333333336
[ 2, 3, 4 ]
38.5
[ 3, 3, 3 ]
38.22222222222222
[ 3, 5, 5, 5 ]
38.166666666666664
[ 4, 4, 4, 6 ]
38.166666666666664
[ 2, 2, 2, 6, 6 ]
38
[ 3, 3, 4, 4, 4 ]
38
[ 2, 5, 5, 5 ]
37.166666666666664
[ 4, 4, 4, 5 ]
37.166666666666664
[ 1, 1, 5, 5, 5 ]
37
[ 3, 3, 3, 4, 4 ]
37
[ 4, 5, 6, 6, 6 ]
37
[ 4, 5, 6 ]
37
[ 4, 4, 6, 6 ]
36.833333333333336
[ 1, 5, 5, 5 ]
36.166666666666664
[ 2, 2, 2, 5, 5 ]
36
[ 2, 2, 4, 4, 4 ]
36
[ 3, 5, 6, 6, 6 ]
36
[ 3, 5, 6 ]
36
[ 4, 5, 5, 6, 6 ]
36
[ 2, 4, 5, 6 ]
35.5
[ 3, 4, 5, 5 ]
35.5
[ 2, 2, 2 ]
35.22222222222222
[ 3, 3, 3, 6 ]
35.166666666666664
[ 3, 4, 4, 4 ]
35.166666666666664
[ 1, 1, 1, 6, 6 ]
35
[ 2, 5, 6, 6, 6 ]
35
[ 3, 4, 6, 6, 6 ]
35
[ 3, 4, 6 ]
35
[ 3, 5, 5, 6, 6 ]
35
[ 4, 4, 5, 6, 6 ]
35
[ 4, 5, 5, 5, 6 ]
35
[ 3, 3, 6, 6 ]
34.833333333333336
[ 4, 4, 5, 5 ]
34.833333333333336
[ 2, 4, 5 ]
34.666666666666664
[ 2, 3, 5, 6 ]
34.5
[ 3, 4, 4, 5 ]
34.5
[ 4, 5, 6, 6 ]
34.5
[ 3, 4 ]
34.44444444444444
[ 2, 4, 4, 4 ]
34.166666666666664
[ 3, 3, 3, 5 ]
34.166666666666664
[ 1, 1, 4, 4, 4 ]
34
[ 1, 5, 6, 6, 6 ]
34
[ 2, 2, 2, 4, 4 ]
34
[ 2, 4, 6, 6, 6 ]
34
[ 2, 5, 5, 6, 6 ]
34
[ 3, 5, 5, 5, 6 ]
34
[ 4, 4, 5, 5, 6 ]
34
[ 5, 6, 6 ]
34
[ 6, 6 ]
33.98148148148148
[ 4, 5 ]
33.94444444444444
[ 2, 3, 5 ]
33.666666666666664
[ 2, 3, 4, 6 ]
33.5
[ 3, 3, 4, 5 ]
33.5
[ 3, 5, 6, 6 ]
33.5
[ 4, 5, 5, 6 ]
33.5
[ 1, 4, 4, 4 ]
33.166666666666664
[ 3, 3, 3, 4 ]
33.166666666666664
[ 1, 1, 1, 5, 5 ]
33
[ 1, 4, 6, 6, 6 ]
33
[ 1, 5, 5, 6, 6 ]
33
[ 2, 2, 3, 3, 3 ]
33
[ 2, 3, 6, 6, 6 ]
33
[ 2, 5, 5, 5, 6 ]
33
[ 3, 3, 5, 6, 6 ]
33
[ 3, 4, 4, 6, 6 ]
33
[ 4, 4, 4, 5, 6 ]
33
[ 4, 6, 6 ]
33
[ 5, 5, 6 ]
33
[ 3, 5 ]
32.94444444444444
[ 2, 2, 6, 6 ]
32.833333333333336
[ 3, 3, 5, 5 ]
32.833333333333336
[ 5, 5 ]
32.81481481481482
[ 4, 5, 5 ]
32.666666666666664
[ 5, 6 ]
32.61111111111111
[ 3, 4, 6, 6 ]
32.5
[ 3, 5, 5, 6 ]
32.5
[ 4, 4, 5, 6 ]
32.5
[ 1, 1, 1 ]
32.22222222222222
[ 2, 2, 2, 6 ]
32.166666666666664
[ 1, 3, 6, 6, 6 ]
32
[ 1, 5, 5, 5, 6 ]
32
[ 2, 2, 2, 3, 3 ]
32
[ 2, 4, 4, 6, 6 ]
32
[ 3, 3, 4, 6, 6 ]
32
[ 3, 3, 5, 5, 6 ]
32
[ 3, 4, 5, 5, 5 ]
32
[ 3, 6, 6 ]
32
[ 3, 5, 5 ]
31.666666666666668
[ 4, 4, 5 ]
31.666666666666668
[ 4, 4 ]
31.64814814814815
[ 4, 6 ]
31.61111111111111
[ 4 ]
31.53395061728395
[ 1, 3, 4, 5 ]
31.5
[ 2, 3, 4, 4 ]
31.5
[ 3, 4, 4 ]
31.333333333333332
[ 2, 2, 2, 5 ]
31.166666666666668
[ 2, 3, 3, 3 ]
31.166666666666668
[ 5 ]
31.14506172839506
[ 1, 1, 1, 4, 4 ]
31
[ 1, 1, 3, 3, 3 ]
31
[ 1, 2, 6, 6, 6 ]
31
[ 1, 4, 4, 6, 6 ]
31
[ 2, 2, 5, 6, 6 ]
31
[ 2, 4, 5, 5, 5 ]
31
[ 3, 4, 4, 4, 6 ]
31
[ 3, 4, 4, 5, 5 ]
31
[ 4, 4, 6 ]
31
[ 2, 4 ]
30.944444444444443
[ 1, 1, 6, 6 ]
30.833333333333332
[ 2, 2, 5, 5 ]
30.833333333333332
[ 3, 3, 4, 4 ]
30.833333333333332
[ 3, 6 ]
30.61111111111111
[ 3 ]
30.53395061728395
[ 1, 2, 4, 5 ]
30.5
[ 2, 3, 3, 4 ]
30.5
[ 3, 3, 5, 6 ]
30.5
[ 3, 4, 4, 6 ]
30.5
[ 3, 3, 4 ]
30.333333333333332
[ 6 ]
30.200617283950617
[ 1, 3, 3, 3 ]
30.166666666666668
[ 2, 2, 2, 4 ]
30.166666666666668
[ 1, 3, 4 ]
30
[ 1, 4, 5, 5, 5 ]
30
[ 2, 2, 4, 6, 6 ]
30
[ 2, 2, 5, 5, 6 ]
30
[ 2, 3, 3, 6, 6 ]
30
[ 2, 3, 5, 5, 5 ]
30
[ 2, 4, 4, 4, 6 ]
30
[ 2, 4, 4, 5, 5 ]
30
[ 3, 3, 3, 5, 6 ]
30
[ 3, 3, 4, 4, 6 ]
30
[ 3, 3, 4, 5, 5 ]
30
[ 3, 4, 4, 4, 5 ]
30
[ 2, 3 ]
29.944444444444443
[ 3, 3, 5 ]
29.666666666666668
[ 3, 3 ]
29.64814814814815
[ 1, 2, 3, 5 ]
29.5
[ 1, 4, 5, 6 ]
29.5
[ 2, 2, 3, 4 ]
29.5
[ 2, 4, 5, 5 ]
29.5
[ 3, 3, 4, 6 ]
29.5
[ 2, 5 ]
29.444444444444443
[ 2, 6, 6 ]
29.333333333333332
[ 1, 1, 1, 6 ]
29.166666666666668
[ 2, 2, 2, 3 ]
29.166666666666668
[ 2, 5, 6 ]
29.166666666666668
[ 1, 1, 1, 3, 3 ]
29
[ 1, 1, 5, 6, 6 ]
29
[ 1, 2, 4 ]
29
[ 1, 3, 3, 6, 6 ]
29
[ 1, 3, 5, 5, 5 ]
29
[ 1, 4, 4, 4, 6 ]
29
[ 1, 4, 4, 5, 5 ]
29
[ 2, 2, 3, 6, 6 ]
29
[ 2, 4, 4, 4, 5 ]
29
[ 2, 5, 5 ]
29
[ 3, 3, 3, 4, 6 ]
29
[ 3, 3, 4, 4, 5 ]
29
[ 3, 3, 6 ]
29
[ 1, 1, 5, 5 ]
28.833333333333332
[ 2, 2, 4, 4 ]
28.833333333333332
[ 2, 4, 4 ]
28.666666666666668
[ 1, 3, 5, 6 ]
28.5
[ 2, 3, 5, 5 ]
28.5
[ 2, 4, 4, 5 ]
28.5
[ 1, 6, 6 ]
28.333333333333332
[ 1, 1, 1, 5 ]
28.166666666666668
[ 2, 4, 6 ]
28.166666666666668
[ 2 ]
28.14506172839506
[ 1, 1, 2, 2, 2 ]
28
[ 1, 1, 4, 6, 6 ]
28
[ 1, 1, 5, 5, 6 ]
28
[ 1, 2, 3 ]
28
[ 1, 2, 5, 5, 5 ]
28
[ 1, 4, 4, 4, 5 ]
28
[ 2, 2, 4, 4, 6 ]
28
[ 2, 2, 4, 5, 5 ]
28
[ 2, 3, 3, 5, 5 ]
28
[ 3, 3, 3, 4, 5 ]
28
[ 1, 2, 5, 6 ]
27.5
[ 1, 3, 4, 6 ]
27.5
[ 2, 5, 6, 6 ]
27.5
[ 1, 1, 1, 4 ]
27.166666666666668
[ 1, 2, 2, 2 ]
27.166666666666668
[ 2, 3, 6 ]
27.166666666666668
[ 2, 6 ]
27.11111111111111
[ 1, 1, 1, 2, 2 ]
27
[ 1, 1, 3, 6, 6 ]
27
[ 1, 2, 2, 6, 6 ]
27
[ 1, 3, 3, 5, 5 ]
27
[ 2, 2, 2, 5, 6 ]
27
[ 2, 2, 3, 5, 5 ]
27
[ 2, 2, 4, 4, 5 ]
27
[ 2, 3, 3, 3, 6 ]
27
[ 2, 3, 4, 4, 4 ]
27
[ 1, 1, 4, 4 ]
26.833333333333332
[ 2, 2, 3, 3 ]
26.833333333333332
[ 2, 2 ]
26.814814814814813
[ 2, 2, 4 ]
26.666666666666668
[ 2, 3, 3 ]
26.666666666666668
[ 1, 4 ]
26.61111111111111
[ 1, 2, 4, 6 ]
26.5
[ 1, 5, 6, 6 ]
26.5
[ 1, 5, 6 ]
26.5
[ 2, 2, 4, 5 ]
26.5
[ 2, 3, 3, 5 ]
26.5
[ 2, 4, 6, 6 ]
26.5
[ 2, 5, 5, 6 ]
26.5
[ 1, 5, 5 ]
26.333333333333332
[ 1, 1, 1, 3 ]
26.166666666666668
[ 1, 4, 5 ]
26.166666666666668
[ 1, 1, 2, 6, 6 ]
26
[ 1, 1, 4, 4, 6 ]
26
[ 1, 1, 4, 5, 5 ]
26
[ 1, 3, 3, 3, 6 ]
26
[ 1, 3, 4, 4, 4 ]
26
[ 1, 4, 4 ]
26
[ 2, 2, 2, 4, 6 ]
26
[ 2, 2, 3, 3, 6 ]
26
[ 2, 2, 5 ]
26
[ 2, 3, 3, 3, 5 ]
26
[ 2, 3, 3, 4, 4 ]
26
[ 2, 2, 3 ]
25.666666666666668
[ 1, 3 ]
25.61111111111111
[ 1, 2, 3, 6 ]
25.5
[ 1, 3, 4, 4 ]
25.5
[ 1, 4, 6, 6 ]
25.5
[ 1, 4, 6 ]
25.5
[ 1, 5, 5, 6 ]
25.5
[ 2, 2, 3, 5 ]
25.5
[ 2, 3, 6, 6 ]
25.5
[ 2, 2, 6 ]
25.333333333333332
[ 1, 6 ]
25.277777777777775
[ 1 ]
25.200617283950617
[ 1, 1, 1, 2 ]
25.166666666666668
[ 1, 3, 5 ]
25.166666666666668
[ 1, 5 ]
25.11111111111111
[ 1, 1, 3, 5, 5 ]
25
[ 1, 1, 4, 4, 5 ]
25
[ 1, 2, 2, 5, 5 ]
25
[ 1, 2, 4, 4, 4 ]
25
[ 1, 3, 3, 3, 5 ]
25
[ 1, 3, 3, 4, 4 ]
25
[ 2, 2, 2, 3, 6 ]
25
[ 2, 2, 2, 4, 5 ]
25
[ 2, 2, 3, 3, 5 ]
25
[ 2, 2, 3, 4, 4 ]
25
[ 2, 3, 3, 3, 4 ]
25
[ 1, 1, 3, 3 ]
24.833333333333332
[ 1, 2 ]
24.61111111111111
[ 1, 2, 4, 4 ]
24.5
[ 1, 3, 3, 4 ]
24.5
[ 1, 3, 6, 6 ]
24.5
[ 1, 3, 6 ]
24.5
[ 2, 4, 4, 6 ]
24.5
[ 1, 2, 5 ]
24.166666666666668
[ 1, 1, 1, 5, 6 ]
24
[ 1, 1, 2, 5, 5 ]
24
[ 1, 1, 3, 3, 6 ]
24
[ 1, 3, 3, 3, 4 ]
24
[ 1, 3, 3 ]
24
[ 2, 2, 2, 3, 5 ]
24
[ 2, 2, 3, 3, 4 ]
24
[ 1, 1 ]
23.98148148148148
[ 1, 2, 6, 6 ]
23.5
[ 1, 2, 6 ]
23.5
[ 1, 4, 4, 6 ]
23.5
[ 1, 4, 5, 5 ]
23.5
[ 2, 2, 5, 6 ]
23.5
[ 1, 1, 6 ]
23.333333333333332
[ 1, 1, 1, 4, 6 ]
23
[ 1, 1, 3, 3, 5 ]
23
[ 1, 1, 3, 4, 4 ]
23
[ 1, 1, 4 ]
23
[ 1, 2, 2, 2, 6 ]
23
[ 1, 2, 2, 4, 4 ]
23
[ 2, 2, 2, 3, 4 ]
23
[ 2, 4, 5, 6, 6 ]
23
[ 1, 1, 2, 2 ]
22.833333333333332
[ 1, 1, 3, 4 ]
22.5
[ 1, 2, 2, 4 ]
22.5
[ 1, 2, 3, 3 ]
22.5
[ 1, 3, 5, 5 ]
22.5
[ 1, 4, 4, 5 ]
22.5
[ 2, 2, 4, 6 ]
22.5
[ 2, 3, 3, 6 ]
22.5
[ 1, 1, 5 ]
22.333333333333332
[ 1, 1, 1, 3, 6 ]
22
[ 1, 1, 1, 4, 5 ]
22
[ 1, 1, 2, 2, 6 ]
22
[ 1, 1, 2, 4, 4 ]
22
[ 1, 1, 3, 3, 4 ]
22
[ 1, 1, 3 ]
22
[ 1, 2, 2, 2, 5 ]
22
[ 1, 2, 2 ]
22
[ 1, 2, 3, 3, 3 ]
22
[ 1, 4, 5, 6, 6 ]
22
[ 2, 3, 5, 6, 6 ]
22
[ 2, 4, 5, 5, 6 ]
22
[ 1, 1, 2, 4 ]
21.5
[ 1, 1, 5, 6 ]
21.5
[ 1, 2, 2, 3 ]
21.5
[ 1, 2, 5, 5 ]
21.5
[ 1, 3, 3, 6 ]
21.5
[ 2, 2, 3, 6 ]
21.5
[ 1, 1, 1, 2, 6 ]
21
[ 1, 1, 1, 3, 5 ]
21
[ 1, 1, 2, 2, 5 ]
21
[ 1, 1, 2 ]
21
[ 1, 2, 2, 2, 4 ]
21
[ 1, 2, 2, 3, 3 ]
21
[ 1, 3, 5, 6, 6 ]
21
[ 1, 4, 5, 5, 6 ]
21
[ 2, 3, 4, 6, 6 ]
21
[ 2, 3, 5, 5, 6 ]
21
[ 2, 4, 4, 5, 6 ]
21
[ 1, 1, 2, 3 ]
20.5
[ 1, 1, 4, 6 ]
20.5
[ 1, 3, 3, 5 ]
20.5
[ 1, 1, 1, 2, 5 ]
20
[ 1, 1, 1, 3, 4 ]
20
[ 1, 1, 2, 2, 4 ]
20
[ 1, 1, 2, 3, 3 ]
20
[ 1, 2, 2, 2, 3 ]
20
[ 1, 2, 5, 6, 6 ]
20
[ 1, 3, 4, 6, 6 ]
20
[ 1, 3, 5, 5, 6 ]
20
[ 1, 4, 4, 5, 6 ]
20
[ 1, 1, 3, 6 ]
19.5
[ 1, 1, 4, 5 ]
19.5
[ 1, 2, 2, 6 ]
19.5
[ 1, 1, 1, 2, 4 ]
19
[ 1, 1, 2, 2, 3 ]
19
[ 1, 2, 4, 6, 6 ]
19
[ 1, 2, 5, 5, 6 ]
19
[ 2, 2, 4, 5, 6 ]
19
[ 2, 3, 3, 5, 6 ]
19
[ 2, 3, 4, 4, 6 ]
19
[ 1, 1, 2, 6 ]
18.5
[ 1, 1, 3, 5 ]
18.5
[ 1, 2, 2, 5 ]
18.5
[ 1, 1, 1, 2, 3 ]
18
[ 1, 2, 3, 6, 6 ]
18
[ 1, 3, 3, 5, 6 ]
18
[ 1, 3, 4, 4, 6 ]
18
[ 1, 3, 4, 5, 5 ]
18
[ 2, 2, 3, 5, 6 ]
18
[ 2, 3, 3, 4, 6 ]
18
[ 1, 1, 2, 5 ]
17.5
[ 1, 1, 4, 5, 6 ]
17
[ 1, 2, 4, 4, 6 ]
17
[ 1, 2, 4, 5, 5 ]
17
[ 1, 3, 3, 4, 6 ]
17
[ 1, 3, 4, 4, 5 ]
17
[ 2, 2, 3, 4, 6 ]
17
[ 1, 1, 3, 5, 6 ]
16
[ 1, 2, 2, 5, 6 ]
16
[ 1, 2, 3, 5, 5 ]
16
[ 1, 2, 4, 4, 5 ]
16
[ 1, 3, 3, 4, 5 ]
16
[ 1, 1, 2, 5, 6 ]
15
[ 1, 1, 3, 4, 6 ]
15
[ 1, 2, 2, 4, 6 ]
15
[ 1, 2, 3, 3, 6 ]
15
[ 1, 1, 2, 4, 6 ]
14
[ 1, 1, 3, 4, 5 ]
14
[ 1, 2, 2, 3, 6 ]
14
[ 1, 2, 2, 4, 5 ]
14
[ 1, 2, 3, 3, 5 ]
14
[ 1, 1, 2, 3, 6 ]
13
[ 1, 1, 2, 4, 5 ]
13
[ 1, 2, 2, 3, 5 ]
13
[ 1, 1, 2, 3, 5 ]
12